0 1 0 3 4 5 6 1 8 9 10 8 3 0 14 14 16
0 1 2 3 4 5 6 5 8 9 1 11 12 0 14 14 16
0 1 2 3 4 1 6 2 4 9 10 11 4 9 10 15 16
0 1 2 3 2 0 6 7 3 9 10 2 6 9 14 15 10
0 1 2 3 4 5 6 3 4 9 2 11 0 2 9 0 2
0 1 2 2 4 5 0 7 8 9 7 11 8 13 7 1 16
0 1 2 2 4 5 6 0 8 9 6 11 12 5 12 15 15
0 1 2 3 4 5 6 2 8 9 6 4 12 13 14 8 16
0 1 2 3 4 5 6 5 8 9 10 11 10 13 10 15 16
0 1 2 3 4 5 6 5 8 9 10 11 5 8 5 9 9
0 1 2 0 4 5 6 7 8 9 10 11 8 6 10 1 2
0 1 2 3 0 5 6 2 8 5 1 11 3 2 6 3 3
0 1 2 3 4 5 4 7 4 5 1 2 12 13 5 3 16
0 1 2 3 4 5 4 7 4 5 1 2 12 13 5 4 16
0 1 2 3 4 5 6 1 8 9 2 4 1 13 14 15 16
0 1 2 3 4 5 3 7 8 9 10 11 8 3 10 1 2
0 1 2 3 4 5 6 7 8 3 7 2 0 3 7 1 2
0 1 2 3 4 5 6 2 8 6 0 5 3 6 1 2 16
0 1 2 3 4 5 6 7 8 9 1 2 7 13 9 6 8
0 1 2 3 4 5 5 4 0 3 10 11 4 13 4 2 2
0 1 2 3 4 5 6 7 6 1 10 2 0 4 14 15 5
0 1 2 3 4 5 6 6 5 9 1 11 2 4 14 1 3
0 1 2 3 4 5 6 1 8 3 10 11 0 8 14 14 2
0 1 2 3 4 5 6 6 8 9 1 5 12 13 14 1 3
0 1 2 3 4 5 6 7 8 2 6 11 3 4 11 5 6
0 1 2 3 4 5 4 7 8 9 4 11 8 13 4 15 7
0 1 2 3 4 5 6 2 3 9 5 11 3 4 5 6 2
0 1 2 1 4 5 6 7 8 9 10 5 8 13 10 6 7
0 1 2 1 4 5 6 7 6 9 2 6 12 13 14 14 16
0 1 2 2 4 5 4 7 8 1 10 11 1 13 1 8 16
0 1 2 3 0 5 3 7 8 3 10 11 12 13 2 15 16
0 1 2 1 4 5 6 7 6 2 5 6 0 4 6 2 2
0 1 2 3 4 5 3 5 4 9 1 5 12 13 14 14 16
0 1 2 3 4 5 6 1 8 1 10 5 12 1 14 15 2
0 1 0 3 4 5 6 3 8 5 10 11 6 13 5 8 16
0 1 0 3 4 5 6 3 8 0 10 11 3 13 1 1 16
0 1 0 3 4 5 6 7 0 3 10 11 12 13 3 11 1
0 1 2 3 4 5 1 7 0 1 10 11 12 3 14 10 14
0 1 2 3 4 2 0 3 3 0 10 2 3 13 4 15 10
0 1 2 3 4 0 1 3 8 9 10 11 4 13 2 1 16
0 1 2 3 4 5 1 4 8 5 10 11 0 1 14 10 16
0 1 0 3 4 5 6 7 8 9 10 0 7 9 14 14 5
0 1 1 3 4 5 6 5 1 9 10 5 1 0 14 15 16
0 1 1 3 4 5 6 3 8 8 10 11 6 6 0 5 4
0 1 1 3 4 5 6 3 8 8 10 11 6 6 0 15 11
0 1 2 3 3 5 6 3 5 0 2 11 12 1 12 15 15
0 1 2 3 4 5 6 7 0 9 0 11 0 7 0 15 16
0 1 2 3 1 5 6 7 8 6 1 11 0 13 14 14 16
0 1 2 3 1 5 0 7 8 9 10 11 8 1 8 5 5
0 1 2 3 1 5 6 0 2 9 3 9 5 1 14 5 5
0 1 2 3 4 5 6 7 8 5 0 11 0 13 0 5 16
0 1 2 0 4 5 0 1 8 9 0 4 12 13 14 15 16
0 1 2 0 4 5 0 1 8 9 0 4 12 13 14 15 16
0 1 2 3 4 5 6 0 8 9 0 4 8 5 0 15 1
0 1 2 3 0 3 6 3 0 9 1 11 12 0 2 15 16
0 1 2 3 4 5 3 7 8 4 2 11 3 1 2 8 16
0 1 2 3 4 5 0 7 8 0 10 11 0 1 14 4 16
0 1 2 3 4 5 6 7 3 4 1 11 3 1 2 15 16
0 1 2 3 4 1 6 2 0 9 1 6 12 0 14 3 16
0 1 2 3 4 1 6 2 0 9 1 6 12 0 14 2 14
0 1 2 3 4 4 3 7 8 2 0 11 1 13 14 0 16
0 1 2 3 4 5 6 7 8 9 10 3 4 8 0 0 16
0 1 2 1 4 0 6 7 6 9 10 11 1 10 6 15 7
0 1 2 3 4 5 1 7 5 9 2 5 12 1 7 7 16
0 1 2 3 4 5 6 7 8 1 10 4 0 6 10 6 3
0 1 2 1 4 5 6 7 1 9 1 11 12 7 1 15 6
0 1 2 1 4 5 6 7 8 7 6 5 12 5 1 15 4
0 1 2 3 4 5 6 7 6 9 1 11 12 1 5 6 2
0 1 2 3 4 5 3 4 2 4 10 11 12 11 1 15 10
0 1 2 3 4 5 6 7 2 9 10 4 5 1 4 15 2
0 1 2 3 4 5 3 7 0 9 10 11 5 5 1 3 9
0 1 2 3 4 5 6 0 8 9 1 11 3 8 3 15 15
0 1 1 0 4 5 6 7 8 9 5 8 12 13 14 14 16
0 1 2 1 4 5 6 7 8 9 7 4 8 5 7 15 9
0 1 2 3 2 5 6 5 8 3 10 11 8 13 6 6 16
0 1 2 3 2 5 6 7 3 1 10 5 12 5 12 7 16
0 1 2 3 4 3 6 7 6 9 10 6 12 4 7 7 16
0 1 2 3 4 5 6 7 8 9 10 7 1 13 7 3 1
0 1 2 3 4 1 6 7 0 4 10 4 12 3 14 1 16
0 1 2 0 4 5 6 7 8 8 10 5 7 6 10 15 16
0 1 2 3 4 5 6 2 8 9 10 3 1 13 14 14 16
0 1 2 3 4 5 6 0 4 9 5 11 0 6 1 0 0
0 1 2 3 4 5 6 7 8 1 10 11 0 13 1 0 0
0 1 2 3 4 5 6 1 8 6 4 6 12 2 4 2 5
0 1 2 3 4 5 6 1 8 6 4 6 12 2 4 5 16
0 1 2 3 4 5 6 0 3 6 1 11 3 13 14 14 16
0 1 2 3 4 5 6 1 8 9 2 11 3 2 14 15 16
0 1 2 3 1 5 0 7 8 9 2 11 12 3 14 14 16
0 1 2 3 4 5 6 7 8 1 5 11 12 13 12 11 16
0 1 2 1 4 5 6 6 8 9 10 4 12 0 10 5 9
0 1 2 3 4 5 6 7 8 9 4 11 12 9 14 14 7
0 1 2 3 4 5 3 7 8 9 10 11 12 1 12 15 15
0 1 2 3 4 5 6 7 8 7 8 11 6 1 6 15 15
0 1 2 3 4 5 6 7 8 7 1 11 12 1 14 15 16
0 1 2 3 1 5 6 3 8 9 6 11 12 13 14 14 16
0 1 2 3 4 5 6 7 1 2 7 11 12 13 12 6 16
0 1 2 3 4 5 6 7 1 2 6 11 7 0 2 4 16
0 1 2 3 4 5 6 7 8 9 7 11 12 6 14 14 3
0 1 2 3 4 5 4 7 8 3 10 3 7 5 1 7 16
