0 1 2 3 4 5 6 5 8 5 4 6 3 13 14 13 1 17
0 1 2 3 4 5 1 7 2 3 2 11 2 3 5 1 0 17
0 1 2 3 4 5 3 7 8 0 10 11 5 13 0 15 15 17
0 1 2 3 2 0 6 7 3 9 10 6 9 0 2 15 15 17
0 1 2 3 4 3 6 2 8 3 4 3 0 13 4 15 3 17
0 1 2 0 4 5 6 7 8 1 10 7 12 1 14 6 7 17
0 1 2 3 4 5 6 2 8 9 6 4 12 13 14 13 9 17
0 1 2 0 4 5 6 7 8 9 10 11 8 6 10 1 2 11
0 1 2 3 0 5 6 2 0 6 3 11 12 5 0 15 6 2
0 1 2 3 4 5 4 7 4 5 1 2 12 13 5 3 4 3
0 1 2 3 4 5 6 7 8 9 1 2 7 13 9 6 8 6
0 1 2 3 3 5 6 1 8 9 10 9 3 13 8 9 2 17
0 1 2 3 4 5 6 7 4 9 10 1 2 3 14 3 4 17
0 1 2 3 4 5 3 5 4 9 1 5 12 13 9 15 16 17
0 1 0 3 4 5 6 1 8 9 10 11 0 13 3 0 11 4
0 1 2 3 4 0 1 3 8 9 10 11 12 13 9 1 2 8
0 1 2 3 4 0 1 3 8 9 9 3 12 0 14 4 2 1
0 1 2 3 4 5 3 7 5 9 10 9 12 3 7 3 5 5
0 1 2 3 0 3 6 3 0 9 1 11 12 0 2 0 1 17
0 1 2 3 4 5 6 7 1 9 3 7 12 0 14 0 2 17
0 1 2 3 4 5 6 7 7 9 1 0 5 13 2 0 6 1
0 1 2 3 4 5 6 1 1 3 5 2 3 13 1 3 16 16
0 1 2 3 4 4 3 7 8 2 0 11 1 13 14 0 16 13
0 1 2 3 4 5 6 7 3 4 7 6 12 13 0 1 2 17
0 1 2 1 4 5 6 7 8 7 6 5 12 5 1 15 4 2
0 1 2 3 4 5 3 4 2 4 10 11 12 11 1 15 10 2
0 1 2 3 4 5 6 7 8 5 10 5 12 13 14 5 0 17
0 1 2 3 4 5 2 3 4 9 4 11 12 13 14 9 9 17
0 1 2 3 2 5 6 7 3 1 10 3 12 13 14 15 15 6
0 1 2 3 4 5 6 5 8 5 4 11 4 13 1 5 11 17
0 1 2 3 4 5 6 1 8 6 10 8 12 6 5 8 2 10
0 1 2 0 1 5 1 7 8 9 8 11 12 1 7 1 5 5
0 1 2 3 4 5 6 1 8 6 4 6 12 2 4 2 5 0
0 1 2 1 4 5 6 6 8 9 10 4 12 0 10 5 9 17
0 1 2 3 4 5 6 7 1 9 10 9 12 2 0 9 6 3
0 1 2 3 1 5 6 7 6 0 6 7 3 1 14 15 15 17
0 1 2 1 4 5 0 7 8 9 7 4 8 13 9 15 15 17
0 1 2 3 4 5 2 7 3 9 4 11 12 5 1 15 2 2
